+330753728331
+330630205341
+330630636544
+330630265135
+330630373685
+330630324780
+330630011843
+330630817863
+330630635575
+330630085521
+330630758132
+330630720157
+330630077721
+330630273860
+330630074158
+330630001879
+330630001427
+330630824001
+330630435463
+330630062367
+330630122800
+330630312502
+330630573746
+330630716858
+330630160410
+330630072118
+330630053066
+330630105605
+330630461610
+330630857764
+330630732802
+330630588245
+330630561644
+330630403120
+330630344540
+330630142180
+330630005111
+330630312502
+330630585216
+330630851408
+330630856700
+330630877370
+330630335750
+330630577150
+330630827045
+330630502534
+330630572526
+330630417083
+330630547801
+330630856843
+330630100133
+330630334502
+330630043450
+330630445752
+330630687338
+330630155511
+330630118687
+330630448573
+330630114738
+330630536372
+330630272748
+330630755418
+330630230840
+330630006782
+330630341056
+330630216340
+330630521225
+330630285080
+330630612502
+330630372730
+330630845715
+330630117635
+330630503285
+330630744305
+330630721200
+330630205314
+330630362341
+330630806017
+330630615680
+330630226230
+330630853747
+330630152730
+330630341377
+330630171011
+330630802474
+330630144366
+330630414386
+330630624040
+330630187285
+330630743670
+330630856342
+330630846782
+330630208036
+330630611706
+330630103127
+330630822764
+330630655702
+330630782665
+330630440824
+330630563481
+330630030766
+330630321550
+330630117688
+330630880302
+330630128388
+330630033348
+330630647769
+330753578357
+330753403456
+330753772362
+330753867002
+330753672118
+330753158148
+330753846671
+330753020584
+330753703775
+330753038324
+330753508364
+330753486831
+330753415147
+330753362733
+330753138264
+330753383870
+330753008354
+330753762512
+330753658218
+330753467234
+330753051213
+330753320261
+330753486634
+330753106344
+330753040885
+330753774882
+330753848330
+330753001338
+330753417040
+330753107880
+330753856116
+330753838127
+330753534475
+330753862413
+330753068680
+330753356336
+330753518374
+330753835627
+330753850834
+330753087082
+330753772671
+330753324618
+330753834770
+330753130263
+330753615875
+330753210556
+330753805808
+330753085455
+330753177102
+330753461217
+330753268361
+330753482838
+330753128258
+330753437020
+330753711728
+330753402852
+330753206766
+330753568358
+330753877570
+330753071175
+330753351374
+330753577883
+330753267440
+330753133378
+330753516656
+330753434802
+330753880183
+330753485050
+330753257281
+330753371876
+330753755573
+330753660363
+330753424747
+330753661721
+330753763826
+330753046237
+330753382246
+330753006366
+330753788841
+330753704828
+330753821316
+330753045740
+330753388033
+330753307425
+330753325520
+330753386276
+330753088886